[
  {
    "weaponName": "典范",
    "atk": [
      51,
      56,
      61,
      66,
      71,
      76,
      81,
      86,
      91,
      96,
      101,
      106,
      111,
      116,
      121,
      126,
      131,
      136,
      141,
      146,
      152,
      157,
      162,
      167,
      172,
      177,
      182,
      187,
      192,
      197,
      202,
      207,
      212,
      217,
      222,
      227,
      232,
      237,
      242,
      247,
      253,
      258,
      263,
      268,
      273,
      278,
      283,
      288,
      293,
      298,
      303,
      308,
      313,
      318,
      323,
      328,
      333,
      338,
      343,
      348,
      354,
      359,
      364,
      369,
      374,
      379,
      384,
      389,
      394,
      399,
      404,
      409,
      414,
      419,
      424,
      429,
      434,
      439,
      444,
      449,
      455,
      460,
      465,
      470,
      475,
      480,
      485,
      490,
      495,
      500
    ],
    "wpBaseAttr": "mainAttr",
    "wpBaseAttrVal": [
      "17",
      "30",
      "44",
      "57",
      "71",
      "85",
      "98",
      "112",
      "132"
    ],
    "wpSubAttr": "atkUp",
    "wpSubAttrVal": [
      "5.0%",
      "9.0%",
      "13.0%",
      "17.0%",
      "21.0%",
      "25.0%",
      "29.0%",
      "33.0%",
      "39.0%"
    ]
  },
  {
    "weaponName": "昔日精品",
    "atk": [
      50,
      55,
      60,
      65,
      70,
      75,
      80,
      85,
      90,
      95,
      100,
      105,
      110,
      115,
      120,
      125,
      130,
      135,
      140,
      145,
      150,
      155,
      160,
      165,
      170,
      175,
      180,
      185,
      190,
      195,
      200,
      205,
      210,
      215,
      220,
      225,
      230,
      235,
      240,
      245,
      250,
      255,
      260,
      265,
      270,
      275,
      280,
      285,
      290,
      295,
      300,
      305,
      310,
      315,
      320,
      325,
      330,
      335,
      340,
      345,
      350,
      355,
      360,
      365,
      370,
      375,
      380,
      385,
      390,
      395,
      400,
      405,
      410,
      415,
      420,
      425,
      430,
      435,
      440,
      445,
      450,
      455,
      460,
      465,
      470,
      475,
      480,
      485,
      490,
      495
    ],
    "wpBaseAttr": "will",
    "wpBaseAttrVal": [
      "20",
      "36",
      "52",
      "68",
      "84",
      "100",
      "116",
      "132",
      "156"
    ],
    "wpSubAttr": null,
    "wpSubAttrVal": []
  },
  {
    "weaponName": "大雷斑",
    "atk": [
      50,
      55,
      60,
      65,
      70,
      75,
      80,
      85,
      90,
      95,
      100,
      105,
      110,
      115,
      120,
      125,
      130,
      135,
      140,
      145,
      150,
      155,
      160,
      165,
      170,
      175,
      180,
      185,
      190,
      195,
      200,
      205,
      210,
      215,
      220,
      225,
      230,
      235,
      240,
      245,
      250,
      255,
      260,
      265,
      270,
      275,
      280,
      285,
      290,
      295,
      300,
      305,
      310,
      315,
      320,
      325,
      330,
      335,
      340,
      345,
      350,
      355,
      360,
      365,
      370,
      375,
      380,
      385,
      390,
      395,
      400,
      405,
      410,
      415,
      420,
      425,
      430,
      435,
      440,
      445,
      450,
      455,
      460,
      465,
      470,
      475,
      480,
      485,
      490,
      495
    ],
    "wpBaseAttr": "strength",
    "wpBaseAttrVal": [
      "20",
      "36",
      "52",
      "68",
      "84",
      "100",
      "116",
      "132",
      "156"
    ],
    "wpSubAttr": null,
    "wpSubAttrVal": []
  },
  {
    "weaponName": "破碎君王",
    "atk": [
      50,
      54,
      59,
      64,
      69,
      74,
      79,
      84,
      89,
      94,
      99,
      104,
      109,
      114,
      119,
      124,
      129,
      134,
      139,
      144,
      149,
      153,
      158,
      163,
      168,
      173,
      178,
      183,
      188,
      193,
      198,
      203,
      208,
      213,
      218,
      223,
      228,
      233,
      238,
      243,
      248,
      252,
      257,
      262,
      267,
      272,
      277,
      282,
      287,
      292,
      297,
      302,
      307,
      312,
      317,
      322,
      327,
      332,
      337,
      342,
      347,
      351,
      356,
      361,
      366,
      371,
      376,
      381,
      386,
      391,
      396,
      401,
      406,
      411,
      416,
      421,
      426,
      431,
      436,
      441,
      446,
      450,
      455,
      460,
      465,
      470,
      475,
      480,
      485,
      490
    ],
    "wpBaseAttr": "strength",
    "wpBaseAttrVal": [
      "20",
      "36",
      "52",
      "68",
      "84",
      "100",
      "116",
      "132",
      "156"
    ],
    "wpSubAttr": "critRateUp",
    "wpSubAttrVal": [
      "2.5%",
      "4.5%",
      "6.5%",
      "8.5%",
      "10.5%",
      "12.5%",
      "14.5%",
      "16.5%",
      "19.5%"
    ]
  },
  {
    "weaponName": "达尔霍夫7",
    "atk": [
      29,
      31,
      34,
      37,
      40,
      43,
      46,
      49,
      51,
      54,
      57,
      60,
      63,
      66,
      69,
      71,
      74,
      77,
      80,
      83,
      86,
      89,
      91,
      94,
      97,
      100,
      103,
      106,
      109,
      111,
      114,
      117,
      120,
      123,
      126,
      129,
      132,
      134,
      137,
      140,
      143,
      146,
      149,
      152,
      154,
      157,
      160,
      163,
      166,
      169,
      172,
      174,
      177,
      180,
      183,
      186,
      189,
      192,
      194,
      197,
      200,
      203,
      206,
      209,
      212,
      214,
      217,
      220,
      223,
      226,
      229,
      232,
      234,
      237,
      240,
      243,
      246,
      249,
      252,
      254,
      257,
      260,
      263,
      266,
      269,
      272,
      274,
      277,
      280,
      283
    ],
    "wpBaseAttr": "mainAttr",
    "wpBaseAttrVal": [
      "10",
      "18",
      "26",
      "34",
      "42",
      "51",
      "59",
      "67",
      "79"
    ],
    "wpSubAttr": null,
    "wpSubAttrVal": []
  },
  {
    "weaponName": "淬火者",
    "atk": [
      34,
      38,
      41,
      45,
      48,
      52,
      55,
      59,
      62,
      65,
      69,
      72,
      76,
      79,
      83,
      86,
      90,
      93,
      96,
      100,
      103,
      107,
      110,
      114,
      117,
      121,
      124,
      127,
      131,
      134,
      138,
      141,
      145,
      148,
      152,
      155,
      158,
      162,
      165,
      169,
      172,
      176,
      179,
      183,
      186,
      189,
      193,
      196,
      200,
      203,
      207,
      210,
      214,
      217,
      220,
      224,
      227,
      231,
      234,
      238,
      241,
      245,
      248,
      251,
      255,
      258,
      262,
      265,
      269,
      272,
      276,
      279,
      282,
      286,
      289,
      293,
      296,
      300,
      303,
      307,
      310,
      313,
      317,
      320,
      324,
      327,
      331,
      334,
      338,
      341
    ],
    "wpBaseAttr": "will",
    "wpBaseAttrVal": [
      "12",
      "21",
      "31",
      "40",
      "50",
      "60",
      "69",
      "79",
      "93"
    ],
    "wpSubAttr": null,
    "wpSubAttrVal": []
  },
  {
    "weaponName": "探骊",
    "atk": [
      42,
      46,
      50,
      54,
      58,
      62,
      66,
      71,
      75,
      79,
      83,
      87,
      91,
      95,
      100,
      104,
      108,
      112,
      116,
      120,
      125,
      129,
      133,
      137,
      141,
      145,
      149,
      154,
      158,
      162,
      166,
      170,
      174,
      178,
      183,
      187,
      191,
      195,
      199,
      203,
      208,
      212,
      216,
      220,
      224,
      228,
      232,
      237,
      241,
      245,
      249,
      253,
      257,
      261,
      266,
      270,
      274,
      278,
      282,
      286,
      291,
      295,
      299,
      303,
      307,
      311,
      315,
      320,
      324,
      328,
      332,
      336,
      340,
      344,
      349,
      353,
      357,
      361,
      365,
      369,
      374,
      378,
      382,
      386,
      390,
      394,
      398,
      403,
      407,
      411
    ],
    "wpBaseAttr": "strength",
    "wpBaseAttrVal": [
      "16",
      "28",
      "41",
      "54",
      "67",
      "80",
      "92",
      "105",
      "124"
    ],
    "wpSubAttr": null,
    "wpSubAttrVal": []
  },
  {
    "weaponName": "骑士精神",
    "atk": [
      49,
      54,
      59,
      64,
      69,
      74,
      78,
      83,
      88,
      93,
      98,
      103,
      108,
      113,
      118,
      123,
      127,
      132,
      137,
      142,
      147,
      152,
      157,
      162,
      167,
      172,
      176,
      181,
      186,
      191,
      196,
      201,
      206,
      211,
      216,
      221,
      225,
      230,
      235,
      240,
      245,
      250,
      255,
      260,
      265,
      270,
      274,
      279,
      284,
      289,
      294,
      299,
      304,
      309,
      314,
      319,
      323,
      328,
      333,
      338,
      343,
      348,
      353,
      358,
      363,
      368,
      372,
      377,
      382,
      387,
      392,
      397,
      402,
      407,
      412,
      417,
      421,
      426,
      431,
      436,
      441,
      446,
      451,
      456,
      461,
      466,
      470,
      475,
      480,
      485
    ],
    "wpBaseAttr": "will",
    "wpBaseAttrVal": [
      "20",
      "36",
      "52",
      "68",
      "84",
      "100",
      "116",
      "132",
      "156"
    ],
    "wpSubAttr": null,
    "wpSubAttrVal": []
  },
  {
    "weaponName": "终点之声",
    "atk": [
      42,
      46,
      50,
      54,
      58,
      62,
      66,
      71,
      75,
      79,
      83,
      87,
      91,
      95,
      100,
      104,
      108,
      112,
      116,
      120,
      125,
      129,
      133,
      137,
      141,
      145,
      149,
      154,
      158,
      162,
      166,
      170,
      174,
      178,
      183,
      187,
      191,
      195,
      199,
      203,
      208,
      212,
      216,
      220,
      224,
      228,
      232,
      237,
      241,
      245,
      249,
      253,
      257,
      261,
      266,
      270,
      274,
      278,
      282,
      286,
      291,
      295,
      299,
      303,
      307,
      311,
      315,
      320,
      324,
      328,
      332,
      336,
      340,
      344,
      349,
      353,
      357,
      361,
      365,
      369,
      374,
      378,
      382,
      386,
      390,
      394,
      398,
      403,
      407,
      411
    ],
    "wpBaseAttr": "strength",
    "wpBaseAttrVal": [
      "16",
      "28",
      "41",
      "54",
      "67",
      "80",
      "92",
      "105",
      "124"
    ],
    "wpSubAttr": null,
    "wpSubAttrVal": []
  },
  {
    "weaponName": "寻路者道标",
    "atk": [
      34,
      38,
      41,
      45,
      48,
      52,
      55,
      59,
      62,
      65,
      69,
      72,
      76,
      79,
      83,
      86,
      90,
      93,
      96,
      100,
      103,
      107,
      110,
      114,
      117,
      121,
      124,
      127,
      131,
      134,
      138,
      141,
      145,
      148,
      152,
      155,
      158,
      162,
      165,
      169,
      172,
      176,
      179,
      183,
      186,
      189,
      193,
      196,
      200,
      203,
      207,
      210,
      214,
      217,
      220,
      224,
      227,
      231,
      234,
      238,
      241,
      245,
      248,
      251,
      255,
      258,
      262,
      265,
      269,
      272,
      276,
      279,
      282,
      286,
      289,
      293,
      296,
      300,
      303,
      307,
      310,
      313,
      317,
      320,
      324,
      327,
      331,
      334,
      338,
      341
    ],
    "wpBaseAttr": "agility",
    "wpBaseAttrVal": [
      "12",
      "21",
      "31",
      "40",
      "50",
      "60",
      "69",
      "79",
      "93"
    ],
    "wpSubAttr": "atkUp",
    "wpSubAttrVal": [
      "3.0%",
      "15.0%。",
      "5.4%",
      "18.0%。",
      "7.8%",
      "21.0%。",
      "10.2%",
      "24.0%。",
      "12.6%",
      "27.0%。",
      "15.0%",
      "30.0%。",
      "17.4%",
      "33.0%。",
      "19.8%",
      "36.0%。",
      "23.4%",
      "42.0%。"
    ]
  },
  {
    "weaponName": "O.B.J.迅极",
    "atk": [
      42,
      46,
      50,
      54,
      58,
      62,
      66,
      71,
      75,
      79,
      83,
      87,
      91,
      95,
      100,
      104,
      108,
      112,
      116,
      120,
      125,
      129,
      133,
      137,
      141,
      145,
      149,
      154,
      158,
      162,
      166,
      170,
      174,
      178,
      183,
      187,
      191,
      195,
      199,
      203,
      208,
      212,
      216,
      220,
      224,
      228,
      232,
      237,
      241,
      245,
      249,
      253,
      257,
      261,
      266,
      270,
      274,
      278,
      282,
      286,
      291,
      295,
      299,
      303,
      307,
      311,
      315,
      320,
      324,
      328,
      332,
      336,
      340,
      344,
      349,
      353,
      357,
      361,
      365,
      369,
      374,
      378,
      382,
      386,
      390,
      394,
      398,
      403,
      407,
      411
    ],
    "wpBaseAttr": "agility",
    "wpBaseAttrVal": [
      "16",
      "28",
      "41",
      "54",
      "67",
      "80",
      "92",
      "105",
      "124"
    ],
    "wpSubAttr": null,
    "wpSubAttrVal": []
  },
  {
    "weaponName": "赫拉芬格",
    "atk": [
      51,
      56,
      61,
      66,
      71,
      77,
      82,
      87,
      92,
      97,
      102,
      107,
      112,
      117,
      122,
      128,
      133,
      138,
      143,
      148,
      153,
      158,
      163,
      168,
      173,
      179,
      184,
      189,
      194,
      199,
      204,
      209,
      214,
      219,
      224,
      230,
      235,
      240,
      245,
      250,
      255,
      260,
      265,
      270,
      275,
      281,
      286,
      291,
      296,
      301,
      306,
      311,
      316,
      321,
      326,
      332,
      337,
      342,
      347,
      352,
      357,
      362,
      367,
      372,
      377,
      383,
      388,
      393,
      398,
      403,
      408,
      413,
      418,
      423,
      428,
      434,
      439,
      444,
      449,
      454,
      459,
      464,
      469,
      474,
      479,
      485,
      490,
      495,
      500,
      505
    ],
    "wpBaseAttr": "strength",
    "wpBaseAttrVal": [
      "20",
      "36",
      "52",
      "68",
      "84",
      "100",
      "116",
      "132",
      "156"
    ],
    "wpSubAttr": "atkUp",
    "wpSubAttrVal": [
      "5.0%",
      "9.0%",
      "13.0%",
      "17.0%",
      "21.0%",
      "25.0%",
      "29.0%",
      "33.0%",
      "39.0%"
    ]
  },
  {
    "weaponName": "嵌合正义",
    "atk": [
      42,
      46,
      50,
      54,
      58,
      62,
      66,
      71,
      75,
      79,
      83,
      87,
      91,
      95,
      100,
      104,
      108,
      112,
      116,
      120,
      125,
      129,
      133,
      137,
      141,
      145,
      149,
      154,
      158,
      162,
      166,
      170,
      174,
      178,
      183,
      187,
      191,
      195,
      199,
      203,
      208,
      212,
      216,
      220,
      224,
      228,
      232,
      237,
      241,
      245,
      249,
      253,
      257,
      261,
      266,
      270,
      274,
      278,
      282,
      286,
      291,
      295,
      299,
      303,
      307,
      311,
      315,
      320,
      324,
      328,
      332,
      336,
      340,
      344,
      349,
      353,
      357,
      361,
      365,
      369,
      374,
      378,
      382,
      386,
      390,
      394,
      398,
      403,
      407,
      411
    ],
    "wpBaseAttr": "strength",
    "wpBaseAttrVal": [
      "16",
      "28",
      "41",
      "54",
      "67",
      "80",
      "92",
      "105",
      "124"
    ],
    "wpSubAttr": null,
    "wpSubAttrVal": []
  },
  {
    "weaponName": "古渠",
    "atk": [
      42,
      46,
      50,
      54,
      58,
      62,
      66,
      71,
      75,
      79,
      83,
      87,
      91,
      95,
      100,
      104,
      108,
      112,
      116,
      120,
      125,
      129,
      133,
      137,
      141,
      145,
      149,
      154,
      158,
      162,
      166,
      170,
      174,
      178,
      183,
      187,
      191,
      195,
      199,
      203,
      208,
      212,
      216,
      220,
      224,
      228,
      232,
      237,
      241,
      245,
      249,
      253,
      257,
      261,
      266,
      270,
      274,
      278,
      282,
      286,
      291,
      295,
      299,
      303,
      307,
      311,
      315,
      320,
      324,
      328,
      332,
      336,
      340,
      344,
      349,
      353,
      357,
      361,
      365,
      369,
      374,
      378,
      382,
      386,
      390,
      394,
      398,
      403,
      407,
      411
    ],
    "wpBaseAttr": "strength",
    "wpBaseAttrVal": [
      "16",
      "28",
      "41",
      "54",
      "67",
      "80",
      "92",
      "105",
      "124"
    ],
    "wpSubAttr": null,
    "wpSubAttrVal": []
  },
  {
    "weaponName": "O.B.J.重荷",
    "atk": [
      42,
      46,
      50,
      54,
      58,
      62,
      66,
      71,
      75,
      79,
      83,
      87,
      91,
      95,
      100,
      104,
      108,
      112,
      116,
      120,
      125,
      129,
      133,
      137,
      141,
      145,
      149,
      154,
      158,
      162,
      166,
      170,
      174,
      178,
      183,
      187,
      191,
      195,
      199,
      203,
      208,
      212,
      216,
      220,
      224,
      228,
      232,
      237,
      241,
      245,
      249,
      253,
      257,
      261,
      266,
      270,
      274,
      278,
      282,
      286,
      291,
      295,
      299,
      303,
      307,
      311,
      315,
      320,
      324,
      328,
      332,
      336,
      340,
      344,
      349,
      353,
      357,
      361,
      365,
      369,
      374,
      378,
      382,
      386,
      390,
      394,
      398,
      403,
      407,
      411
    ],
    "wpBaseAttr": "strength",
    "wpBaseAttrVal": [
      "16",
      "28",
      "41",
      "54",
      "67",
      "80",
      "92",
      "105",
      "124"
    ],
    "wpSubAttr": null,
    "wpSubAttrVal": []
  },
  {
    "weaponName": "向心之引",
    "atk": [
      42,
      46,
      50,
      54,
      58,
      62,
      66,
      71,
      75,
      79,
      83,
      87,
      91,
      95,
      100,
      104,
      108,
      112,
      116,
      120,
      125,
      129,
      133,
      137,
      141,
      145,
      149,
      154,
      158,
      162,
      166,
      170,
      174,
      178,
      183,
      187,
      191,
      195,
      199,
      203,
      208,
      212,
      216,
      220,
      224,
      228,
      232,
      237,
      241,
      245,
      249,
      253,
      257,
      261,
      266,
      270,
      274,
      278,
      282,
      286,
      291,
      295,
      299,
      303,
      307,
      311,
      315,
      320,
      324,
      328,
      332,
      336,
      340,
      344,
      349,
      353,
      357,
      361,
      365,
      369,
      374,
      378,
      382,
      386,
      390,
      394,
      398,
      403,
      407,
      411
    ],
    "wpBaseAttr": "will",
    "wpBaseAttrVal": [
      "16",
      "28",
      "41",
      "54",
      "67",
      "80",
      "92",
      "105",
      "124"
    ],
    "wpSubAttr": "elecDmgUp",
    "wpSubAttrVal": [
      "4.4%",
      "8.0%",
      "11.6%",
      "15.1%",
      "18.7%",
      "22.2%",
      "25.8%",
      "29.3%",
      "34.7%"
    ]
  },
  {
    "weaponName": "作品：众生",
    "atk": [
      42,
      46,
      50,
      54,
      58,
      62,
      66,
      71,
      75,
      79,
      83,
      87,
      91,
      95,
      100,
      104,
      108,
      112,
      116,
      120,
      125,
      129,
      133,
      137,
      141,
      145,
      149,
      154,
      158,
      162,
      166,
      170,
      174,
      178,
      183,
      187,
      191,
      195,
      199,
      203,
      208,
      212,
      216,
      220,
      224,
      228,
      232,
      237,
      241,
      245,
      249,
      253,
      257,
      261,
      266,
      270,
      274,
      278,
      282,
      286,
      291,
      295,
      299,
      303,
      307,
      311,
      315,
      320,
      324,
      328,
      332,
      336,
      340,
      344,
      349,
      353,
      357,
      361,
      365,
      369,
      374,
      378,
      382,
      386,
      390,
      394,
      398,
      403,
      407,
      411
    ],
    "wpBaseAttr": "agility",
    "wpBaseAttrVal": [
      "16",
      "28",
      "41",
      "54",
      "67",
      "80",
      "92",
      "105",
      "124"
    ],
    "wpSubAttr": null,
    "wpSubAttrVal": []
  },
  {
    "weaponName": "幻想苦痛",
    "atk": [
      50,
      54,
      59,
      64,
      69,
      74,
      79,
      84,
      89,
      94,
      99,
      104,
      109,
      114,
      119,
      124,
      129,
      134,
      139,
      144,
      149,
      153,
      158,
      163,
      168,
      173,
      178,
      183,
      188,
      193,
      198,
      203,
      208,
      213,
      218,
      223,
      228,
      233,
      238,
      243,
      248,
      252,
      257,
      262,
      267,
      272,
      277,
      282,
      287,
      292,
      297,
      302,
      307,
      312,
      317,
      322,
      327,
      332,
      337,
      342,
      347,
      351,
      356,
      361,
      366,
      371,
      376,
      381,
      386,
      391,
      396,
      401,
      406,
      411,
      416,
      421,
      426,
      431,
      436,
      441,
      446,
      450,
      455,
      460,
      465,
      470,
      475,
      480,
      485,
      490
    ],
    "wpBaseAttr": "strength",
    "wpBaseAttrVal": [
      "20",
      "36",
      "52",
      "68",
      "84",
      "100",
      "116",
      "132",
      "156"
    ],
    "wpSubAttr": null,
    "wpSubAttrVal": []
  },
  {
    "weaponName": "灯火使命",
    "atk": [
      49,
      54,
      59,
      64,
      69,
      74,
      78,
      83,
      88,
      93,
      98,
      103,
      108,
      113,
      118,
      123,
      127,
      132,
      137,
      142,
      147,
      152,
      157,
      162,
      167,
      172,
      176,
      181,
      186,
      191,
      196,
      201,
      206,
      211,
      216,
      221,
      225,
      230,
      235,
      240,
      245,
      250,
      255,
      260,
      265,
      270,
      274,
      279,
      284,
      289,
      294,
      299,
      304,
      309,
      314,
      319,
      323,
      328,
      333,
      338,
      343,
      348,
      353,
      358,
      363,
      368,
      372,
      377,
      382,
      387,
      392,
      397,
      402,
      407,
      412,
      417,
      421,
      426,
      431,
      436,
      441,
      446,
      451,
      456,
      461,
      466,
      470,
      475,
      480,
      485
    ],
    "wpBaseAttr": "agility",
    "wpBaseAttrVal": [
      "20",
      "36",
      "52",
      "68",
      "84",
      "100",
      "116",
      "132",
      "156"
    ],
    "wpSubAttr": null,
    "wpSubAttrVal": []
  },
  {
    "weaponName": "赤缨",
    "atk": [
      52,
      57,
      62,
      67,
      72,
      77,
      82,
      88,
      93,
      98,
      103,
      108,
      113,
      118,
      124,
      129,
      134,
      139,
      144,
      149,
      155,
      160,
      165,
      170,
      175,
      180,
      185,
      191,
      196,
      201,
      206,
      211,
      216,
      221,
      227,
      232,
      237,
      242,
      247,
      252,
      258,
      263,
      268,
      273,
      278,
      283,
      288,
      294,
      299,
      304,
      309,
      314,
      319,
      324,
      330,
      335,
      340,
      345,
      350,
      355,
      361,
      366,
      371,
      376,
      381,
      386,
      391,
      397,
      402,
      407,
      412,
      417,
      422,
      427,
      433,
      438,
      443,
      448,
      453,
      458,
      464,
      469,
      474,
      479,
      484,
      489,
      494,
      500,
      505,
      510
    ],
    "wpBaseAttr": "strength",
    "wpBaseAttrVal": [
      "20",
      "36",
      "52",
      "68",
      "84",
      "100",
      "116",
      "132",
      "156"
    ],
    "wpSubAttr": "atkUp",
    "wpSubAttrVal": [
      "5.0%",
      "9.0%",
      "13.0%",
      "17.0%",
      "21.0%",
      "25.0%",
      "29.0%",
      "33.0%",
      "39.0%"
    ]
  },
  {
    "weaponName": "全自动骇新星",
    "atk": [
      34,
      38,
      41,
      45,
      48,
      52,
      55,
      59,
      62,
      65,
      69,
      72,
      76,
      79,
      83,
      86,
      90,
      93,
      96,
      100,
      103,
      107,
      110,
      114,
      117,
      121,
      124,
      127,
      131,
      134,
      138,
      141,
      145,
      148,
      152,
      155,
      158,
      162,
      165,
      169,
      172,
      176,
      179,
      183,
      186,
      189,
      193,
      196,
      200,
      203,
      207,
      210,
      214,
      217,
      220,
      224,
      227,
      231,
      234,
      238,
      241,
      245,
      248,
      251,
      255,
      258,
      262,
      265,
      269,
      272,
      276,
      279,
      282,
      286,
      289,
      293,
      296,
      300,
      303,
      307,
      310,
      313,
      317,
      320,
      324,
      327,
      331,
      334,
      338,
      341
    ],
    "wpBaseAttr": "intellect",
    "wpBaseAttrVal": [
      "12",
      "21",
      "31",
      "40",
      "50",
      "60",
      "69",
      "79",
      "93"
    ],
    "wpSubAttr": null,
    "wpSubAttrVal": []
  },
  {
    "weaponName": "吉米尼12",
    "atk": [
      29,
      31,
      34,
      37,
      40,
      43,
      46,
      49,
      51,
      54,
      57,
      60,
      63,
      66,
      69,
      71,
      74,
      77,
      80,
      83,
      86,
      89,
      91,
      94,
      97,
      100,
      103,
      106,
      109,
      111,
      114,
      117,
      120,
      123,
      126,
      129,
      132,
      134,
      137,
      140,
      143,
      146,
      149,
      152,
      154,
      157,
      160,
      163,
      166,
      169,
      172,
      174,
      177,
      180,
      183,
      186,
      189,
      192,
      194,
      197,
      200,
      203,
      206,
      209,
      212,
      214,
      217,
      220,
      223,
      226,
      229,
      232,
      234,
      237,
      240,
      243,
      246,
      249,
      252,
      254,
      257,
      260,
      263,
      266,
      269,
      272,
      274,
      277,
      280,
      283
    ],
    "wpBaseAttr": "mainAttr",
    "wpBaseAttrVal": [
      "10",
      "18",
      "26",
      "34",
      "42",
      "51",
      "59",
      "67",
      "79"
    ],
    "wpSubAttr": null,
    "wpSubAttrVal": []
  },
  {
    "weaponName": "荧光雷羽",
    "atk": [
      34,
      38,
      41,
      45,
      48,
      52,
      55,
      59,
      62,
      65,
      69,
      72,
      76,
      79,
      83,
      86,
      90,
      93,
      96,
      100,
      103,
      107,
      110,
      114,
      117,
      121,
      124,
      127,
      131,
      134,
      138,
      141,
      145,
      148,
      152,
      155,
      158,
      162,
      165,
      169,
      172,
      176,
      179,
      183,
      186,
      189,
      193,
      196,
      200,
      203,
      207,
      210,
      214,
      217,
      220,
      224,
      227,
      231,
      234,
      238,
      241,
      245,
      248,
      251,
      255,
      258,
      262,
      265,
      269,
      272,
      276,
      279,
      282,
      286,
      289,
      293,
      296,
      300,
      303,
      307,
      310,
      313,
      317,
      320,
      324,
      327,
      331,
      334,
      338,
      341
    ],
    "wpBaseAttr": "will",
    "wpBaseAttrVal": [
      "12",
      "21",
      "31",
      "40",
      "50",
      "60",
      "69",
      "79",
      "93"
    ],
    "wpSubAttr": "atkUp",
    "wpSubAttrVal": [
      "3.0%",
      "12.0%，持续20秒。同名效果无法叠加。",
      "5.4%",
      "14.4%，持续20秒。同名效果无法叠加。",
      "7.8%",
      "16.8%，持续20秒。同名效果无法叠加。",
      "10.2%",
      "19.2%，持续20秒。同名效果无法叠加。",
      "12.6%",
      "21.6%，持续20秒。同名效果无法叠加。",
      "15.0%",
      "24.0%，持续20秒。同名效果无法叠加。",
      "17.4%",
      "26.4%，持续20秒。同名效果无法叠加。",
      "19.8%",
      "28.8%，持续20秒。同名效果无法叠加。",
      "23.4%",
      "33.6%，持续20秒。同名效果无法叠加。"
    ]
  },
  {
    "weaponName": "奥佩罗77",
    "atk": [
      29,
      31,
      34,
      37,
      40,
      43,
      46,
      49,
      51,
      54,
      57,
      60,
      63,
      66,
      69,
      71,
      74,
      77,
      80,
      83,
      86,
      89,
      91,
      94,
      97,
      100,
      103,
      106,
      109,
      111,
      114,
      117,
      120,
      123,
      126,
      129,
      132,
      134,
      137,
      140,
      143,
      146,
      149,
      152,
      154,
      157,
      160,
      163,
      166,
      169,
      172,
      174,
      177,
      180,
      183,
      186,
      189,
      192,
      194,
      197,
      200,
      203,
      206,
      209,
      212,
      214,
      217,
      220,
      223,
      226,
      229,
      232,
      234,
      237,
      240,
      243,
      246,
      249,
      252,
      254,
      257,
      260,
      263,
      266,
      269,
      272,
      274,
      277,
      280,
      283
    ],
    "wpBaseAttr": "mainAttr",
    "wpBaseAttrVal": [
      "10",
      "18",
      "26",
      "34",
      "42",
      "51",
      "59",
      "67",
      "79"
    ],
    "wpSubAttr": null,
    "wpSubAttrVal": []
  },
  {
    "weaponName": "J.E.T.",
    "atk": [
      51,
      56,
      61,
      66,
      71,
      76,
      81,
      86,
      91,
      96,
      101,
      106,
      111,
      116,
      121,
      126,
      131,
      136,
      141,
      146,
      152,
      157,
      162,
      167,
      172,
      177,
      182,
      187,
      192,
      197,
      202,
      207,
      212,
      217,
      222,
      227,
      232,
      237,
      242,
      247,
      253,
      258,
      263,
      268,
      273,
      278,
      283,
      288,
      293,
      298,
      303,
      308,
      313,
      318,
      323,
      328,
      333,
      338,
      343,
      348,
      354,
      359,
      364,
      369,
      374,
      379,
      384,
      389,
      394,
      399,
      404,
      409,
      414,
      419,
      424,
      429,
      434,
      439,
      444,
      449,
      455,
      460,
      465,
      470,
      475,
      480,
      485,
      490,
      495,
      500
    ],
    "wpBaseAttr": "mainAttr",
    "wpBaseAttrVal": [
      "17",
      "30",
      "44",
      "57",
      "71",
      "85",
      "98",
      "112",
      "132"
    ],
    "wpSubAttr": "atkUp",
    "wpSubAttrVal": [
      "5.0%",
      "9.0%",
      "13.0%",
      "17.0%",
      "21.0%",
      "25.0%",
      "29.0%",
      "33.0%",
      "39.0%"
    ]
  },
  {
    "weaponName": "迷失荒野",
    "atk": [
      42,
      46,
      50,
      54,
      58,
      62,
      66,
      71,
      75,
      79,
      83,
      87,
      91,
      95,
      100,
      104,
      108,
      112,
      116,
      120,
      125,
      129,
      133,
      137,
      141,
      145,
      149,
      154,
      158,
      162,
      166,
      170,
      174,
      178,
      183,
      187,
      191,
      195,
      199,
      203,
      208,
      212,
      216,
      220,
      224,
      228,
      232,
      237,
      241,
      245,
      249,
      253,
      257,
      261,
      266,
      270,
      274,
      278,
      282,
      286,
      291,
      295,
      299,
      303,
      307,
      311,
      315,
      320,
      324,
      328,
      332,
      336,
      340,
      344,
      349,
      353,
      357,
      361,
      365,
      369,
      374,
      378,
      382,
      386,
      390,
      394,
      398,
      403,
      407,
      411
    ],
    "wpBaseAttr": "intellect",
    "wpBaseAttrVal": [
      "16",
      "28",
      "41",
      "54",
      "67",
      "80",
      "92",
      "105",
      "124"
    ],
    "wpSubAttr": "elecDmgUp",
    "wpSubAttrVal": [
      "4.4%",
      "8.0%",
      "11.6%",
      "15.1%",
      "18.7%",
      "22.2%",
      "25.8%",
      "29.3%",
      "34.7%"
    ]
  },
  {
    "weaponName": "悼亡诗",
    "atk": [
      42,
      46,
      50,
      54,
      58,
      62,
      66,
      71,
      75,
      79,
      83,
      87,
      91,
      95,
      100,
      104,
      108,
      112,
      116,
      120,
      125,
      129,
      133,
      137,
      141,
      145,
      149,
      154,
      158,
      162,
      166,
      170,
      174,
      178,
      183,
      187,
      191,
      195,
      199,
      203,
      208,
      212,
      216,
      220,
      224,
      228,
      232,
      237,
      241,
      245,
      249,
      253,
      257,
      261,
      266,
      270,
      274,
      278,
      282,
      286,
      291,
      295,
      299,
      303,
      307,
      311,
      315,
      320,
      324,
      328,
      332,
      336,
      340,
      344,
      349,
      353,
      357,
      361,
      365,
      369,
      374,
      378,
      382,
      386,
      390,
      394,
      398,
      403,
      407,
      411
    ],
    "wpBaseAttr": "intellect",
    "wpBaseAttrVal": [
      "16",
      "28",
      "41",
      "54",
      "67",
      "80",
      "92",
      "105",
      "124"
    ],
    "wpSubAttr": "atkUp",
    "wpSubAttrVal": [
      "4.0%",
      "7.2%",
      "10.4%",
      "13.6%",
      "16.8%",
      "20.0%",
      "23.2%",
      "26.4%",
      "31.2%"
    ]
  },
  {
    "weaponName": "作品：蚀迹",
    "atk": [
      49,
      54,
      59,
      64,
      69,
      74,
      78,
      83,
      88,
      93,
      98,
      103,
      108,
      113,
      118,
      123,
      127,
      132,
      137,
      142,
      147,
      152,
      157,
      162,
      167,
      172,
      176,
      181,
      186,
      191,
      196,
      201,
      206,
      211,
      216,
      221,
      225,
      230,
      235,
      240,
      245,
      250,
      255,
      260,
      265,
      270,
      274,
      279,
      284,
      289,
      294,
      299,
      304,
      309,
      314,
      319,
      323,
      328,
      333,
      338,
      343,
      348,
      353,
      358,
      363,
      368,
      372,
      377,
      382,
      387,
      392,
      397,
      402,
      407,
      412,
      417,
      421,
      426,
      431,
      436,
      441,
      446,
      451,
      456,
      461,
      466,
      470,
      475,
      480,
      485
    ],
    "wpBaseAttr": "will",
    "wpBaseAttrVal": [
      "20",
      "36",
      "52",
      "68",
      "84",
      "100",
      "116",
      "132",
      "156"
    ],
    "wpSubAttr": "natureDmgUp",
    "wpSubAttrVal": [
      "5.6%",
      "10.0%",
      "14.4%",
      "18.9%",
      "23.3%",
      "27.8%",
      "32.2%",
      "36.7%",
      "43.3%"
    ]
  },
  {
    "weaponName": "不知归",
    "atk": [
      51,
      56,
      61,
      66,
      71,
      76,
      81,
      86,
      91,
      96,
      101,
      106,
      111,
      116,
      121,
      126,
      131,
      136,
      141,
      146,
      152,
      157,
      162,
      167,
      172,
      177,
      182,
      187,
      192,
      197,
      202,
      207,
      212,
      217,
      222,
      227,
      232,
      237,
      242,
      247,
      253,
      258,
      263,
      268,
      273,
      278,
      283,
      288,
      293,
      298,
      303,
      308,
      313,
      318,
      323,
      328,
      333,
      338,
      343,
      348,
      354,
      359,
      364,
      369,
      374,
      379,
      384,
      389,
      394,
      399,
      404,
      409,
      414,
      419,
      424,
      429,
      434,
      439,
      444,
      449,
      455,
      460,
      465,
      470,
      475,
      480,
      485,
      490,
      495,
      500
    ],
    "wpBaseAttr": "will",
    "wpBaseAttrVal": [
      "20",
      "36",
      "52",
      "68",
      "84",
      "100",
      "116",
      "132",
      "156"
    ],
    "wpSubAttr": "atkUp",
    "wpSubAttrVal": [
      "5.0%",
      "9.0%",
      "13.0%",
      "17.0%",
      "21.0%",
      "25.0%",
      "29.0%",
      "33.0%",
      "39.0%"
    ]
  },
  {
    "weaponName": "莫奈何",
    "atk": [
      42,
      46,
      50,
      54,
      58,
      62,
      66,
      71,
      75,
      79,
      83,
      87,
      91,
      95,
      100,
      104,
      108,
      112,
      116,
      120,
      125,
      129,
      133,
      137,
      141,
      145,
      149,
      154,
      158,
      162,
      166,
      170,
      174,
      178,
      183,
      187,
      191,
      195,
      199,
      203,
      208,
      212,
      216,
      220,
      224,
      228,
      232,
      237,
      241,
      245,
      249,
      253,
      257,
      261,
      266,
      270,
      274,
      278,
      282,
      286,
      291,
      295,
      299,
      303,
      307,
      311,
      315,
      320,
      324,
      328,
      332,
      336,
      340,
      344,
      349,
      353,
      357,
      361,
      365,
      369,
      374,
      378,
      382,
      386,
      390,
      394,
      398,
      403,
      407,
      411
    ],
    "wpBaseAttr": "will",
    "wpBaseAttrVal": [
      "16",
      "28",
      "41",
      "54",
      "67",
      "80",
      "92",
      "105",
      "124"
    ],
    "wpSubAttr": null,
    "wpSubAttrVal": []
  },
  {
    "weaponName": "遗忘",
    "atk": [
      50,
      55,
      60,
      65,
      70,
      75,
      80,
      85,
      90,
      95,
      100,
      105,
      110,
      115,
      120,
      125,
      130,
      135,
      140,
      145,
      150,
      155,
      160,
      165,
      170,
      175,
      180,
      185,
      190,
      195,
      200,
      205,
      210,
      215,
      220,
      225,
      230,
      235,
      240,
      245,
      250,
      255,
      260,
      265,
      270,
      275,
      280,
      285,
      290,
      295,
      300,
      305,
      310,
      315,
      320,
      325,
      330,
      335,
      340,
      345,
      350,
      355,
      360,
      365,
      370,
      375,
      380,
      385,
      390,
      395,
      400,
      405,
      410,
      415,
      420,
      425,
      430,
      435,
      440,
      445,
      450,
      455,
      460,
      465,
      470,
      475,
      480,
      485,
      490,
      495
    ],
    "wpBaseAttr": "intellect",
    "wpBaseAttrVal": [
      "20",
      "36",
      "52",
      "68",
      "84",
      "100",
      "116",
      "132",
      "156"
    ],
    "wpSubAttr": null,
    "wpSubAttrVal": []
  },
  {
    "weaponName": "熔铸火焰",
    "atk": [
      52,
      57,
      62,
      67,
      72,
      77,
      82,
      88,
      93,
      98,
      103,
      108,
      113,
      118,
      124,
      129,
      134,
      139,
      144,
      149,
      155,
      160,
      165,
      170,
      175,
      180,
      185,
      191,
      196,
      201,
      206,
      211,
      216,
      221,
      227,
      232,
      237,
      242,
      247,
      252,
      258,
      263,
      268,
      273,
      278,
      283,
      288,
      294,
      299,
      304,
      309,
      314,
      319,
      324,
      330,
      335,
      340,
      345,
      350,
      355,
      361,
      366,
      371,
      376,
      381,
      386,
      391,
      397,
      402,
      407,
      412,
      417,
      422,
      427,
      433,
      438,
      443,
      448,
      453,
      458,
      464,
      469,
      474,
      479,
      484,
      489,
      494,
      500,
      505,
      510
    ],
    "wpBaseAttr": "intellect",
    "wpBaseAttrVal": [
      "20",
      "36",
      "52",
      "68",
      "84",
      "100",
      "116",
      "132",
      "156"
    ],
    "wpSubAttr": "atkUp",
    "wpSubAttrVal": [
      "5.0%",
      "9.0%",
      "13.0%",
      "17.0%",
      "21.0%",
      "25.0%",
      "29.0%",
      "33.0%",
      "39.0%"
    ]
  },
  {
    "weaponName": "白夜新星",
    "atk": [
      51,
      56,
      61,
      66,
      71,
      77,
      82,
      87,
      92,
      97,
      102,
      107,
      112,
      117,
      122,
      128,
      133,
      138,
      143,
      148,
      153,
      158,
      163,
      168,
      173,
      179,
      184,
      189,
      194,
      199,
      204,
      209,
      214,
      219,
      224,
      230,
      235,
      240,
      245,
      250,
      255,
      260,
      265,
      270,
      275,
      281,
      286,
      291,
      296,
      301,
      306,
      311,
      316,
      321,
      326,
      332,
      337,
      342,
      347,
      352,
      357,
      362,
      367,
      372,
      377,
      383,
      388,
      393,
      398,
      403,
      408,
      413,
      418,
      423,
      428,
      434,
      439,
      444,
      449,
      454,
      459,
      464,
      469,
      474,
      479,
      485,
      490,
      495,
      500,
      505
    ],
    "wpBaseAttr": "mainAttr",
    "wpBaseAttrVal": [
      "17",
      "30",
      "44",
      "57",
      "71",
      "85",
      "98",
      "112",
      "132"
    ],
    "wpSubAttr": null,
    "wpSubAttrVal": []
  },
  {
    "weaponName": "使命必达",
    "atk": [
      51,
      56,
      61,
      66,
      71,
      76,
      81,
      86,
      91,
      96,
      101,
      106,
      111,
      116,
      121,
      126,
      131,
      136,
      141,
      146,
      152,
      157,
      162,
      167,
      172,
      177,
      182,
      187,
      192,
      197,
      202,
      207,
      212,
      217,
      222,
      227,
      232,
      237,
      242,
      247,
      253,
      258,
      263,
      268,
      273,
      278,
      283,
      288,
      293,
      298,
      303,
      308,
      313,
      318,
      323,
      328,
      333,
      338,
      343,
      348,
      354,
      359,
      364,
      369,
      374,
      379,
      384,
      389,
      394,
      399,
      404,
      409,
      414,
      419,
      424,
      429,
      434,
      439,
      444,
      449,
      455,
      460,
      465,
      470,
      475,
      480,
      485,
      490,
      495,
      500
    ],
    "wpBaseAttr": "will",
    "wpBaseAttrVal": [
      "20",
      "36",
      "52",
      "68",
      "84",
      "100",
      "116",
      "132",
      "156"
    ],
    "wpSubAttr": null,
    "wpSubAttrVal": []
  },
  {
    "weaponName": "布道自由",
    "atk": [
      42,
      46,
      50,
      54,
      58,
      62,
      66,
      71,
      75,
      79,
      83,
      87,
      91,
      95,
      100,
      104,
      108,
      112,
      116,
      120,
      125,
      129,
      133,
      137,
      141,
      145,
      149,
      154,
      158,
      162,
      166,
      170,
      174,
      178,
      183,
      187,
      191,
      195,
      199,
      203,
      208,
      212,
      216,
      220,
      224,
      228,
      232,
      237,
      241,
      245,
      249,
      253,
      257,
      261,
      266,
      270,
      274,
      278,
      282,
      286,
      291,
      295,
      299,
      303,
      307,
      311,
      315,
      320,
      324,
      328,
      332,
      336,
      340,
      344,
      349,
      353,
      357,
      361,
      365,
      369,
      374,
      378,
      382,
      386,
      390,
      394,
      398,
      403,
      407,
      411
    ],
    "wpBaseAttr": "will",
    "wpBaseAttrVal": [
      "16",
      "28",
      "41",
      "54",
      "67",
      "80",
      "92",
      "105",
      "124"
    ],
    "wpSubAttr": null,
    "wpSubAttrVal": []
  },
  {
    "weaponName": "O.B.J.轻芒",
    "atk": [
      42,
      46,
      50,
      54,
      58,
      62,
      66,
      71,
      75,
      79,
      83,
      87,
      91,
      95,
      100,
      104,
      108,
      112,
      116,
      120,
      125,
      129,
      133,
      137,
      141,
      145,
      149,
      154,
      158,
      162,
      166,
      170,
      174,
      178,
      183,
      187,
      191,
      195,
      199,
      203,
      208,
      212,
      216,
      220,
      224,
      228,
      232,
      237,
      241,
      245,
      249,
      253,
      257,
      261,
      266,
      270,
      274,
      278,
      282,
      286,
      291,
      295,
      299,
      303,
      307,
      311,
      315,
      320,
      324,
      328,
      332,
      336,
      340,
      344,
      349,
      353,
      357,
      361,
      365,
      369,
      374,
      378,
      382,
      386,
      390,
      394,
      398,
      403,
      407,
      411
    ],
    "wpBaseAttr": "agility",
    "wpBaseAttrVal": [
      "16",
      "28",
      "41",
      "54",
      "67",
      "80",
      "92",
      "105",
      "124"
    ],
    "wpSubAttr": "atkUp",
    "wpSubAttrVal": [
      "4.0%",
      "7.2%",
      "10.4%",
      "13.6%",
      "16.8%",
      "20.0%",
      "23.2%",
      "26.4%",
      "31.2%"
    ]
  },
  {
    "weaponName": "沧溟星梦",
    "atk": [
      50,
      55,
      60,
      65,
      70,
      75,
      80,
      85,
      90,
      95,
      100,
      105,
      110,
      115,
      120,
      125,
      130,
      135,
      140,
      145,
      150,
      155,
      160,
      165,
      170,
      175,
      180,
      185,
      190,
      195,
      200,
      205,
      210,
      215,
      220,
      225,
      230,
      235,
      240,
      245,
      250,
      255,
      260,
      265,
      270,
      275,
      280,
      285,
      290,
      295,
      300,
      305,
      310,
      315,
      320,
      325,
      330,
      335,
      340,
      345,
      350,
      355,
      360,
      365,
      370,
      375,
      380,
      385,
      390,
      395,
      400,
      405,
      410,
      415,
      420,
      425,
      430,
      435,
      440,
      445,
      450,
      455,
      460,
      465,
      470,
      475,
      480,
      485,
      490,
      495
    ],
    "wpBaseAttr": "intellect",
    "wpBaseAttrVal": [
      "20",
      "36",
      "52",
      "68",
      "84",
      "100",
      "116",
      "132",
      "156"
    ],
    "wpSubAttr": null,
    "wpSubAttrVal": []
  },
  {
    "weaponName": "负山",
    "atk": [
      51,
      56,
      61,
      66,
      71,
      76,
      81,
      86,
      91,
      96,
      101,
      106,
      111,
      116,
      121,
      126,
      131,
      136,
      141,
      146,
      152,
      157,
      162,
      167,
      172,
      177,
      182,
      187,
      192,
      197,
      202,
      207,
      212,
      217,
      222,
      227,
      232,
      237,
      242,
      247,
      253,
      258,
      263,
      268,
      273,
      278,
      283,
      288,
      293,
      298,
      303,
      308,
      313,
      318,
      323,
      328,
      333,
      338,
      343,
      348,
      354,
      359,
      364,
      369,
      374,
      379,
      384,
      389,
      394,
      399,
      404,
      409,
      414,
      419,
      424,
      429,
      434,
      439,
      444,
      449,
      455,
      460,
      465,
      470,
      475,
      480,
      485,
      490,
      495,
      500
    ],
    "wpBaseAttr": "agility",
    "wpBaseAttrVal": [
      "20",
      "36",
      "52",
      "68",
      "84",
      "100",
      "116",
      "132",
      "156"
    ],
    "wpSubAttr": "physDmgUp",
    "wpSubAttrVal": [
      "5.6%",
      "10.0%",
      "14.4%",
      "18.9%",
      "23.3%",
      "27.8%",
      "32.2%",
      "36.7%",
      "43.3%"
    ]
  },
  {
    "weaponName": "O.B.J.术识",
    "atk": [
      42,
      46,
      50,
      54,
      58,
      62,
      66,
      71,
      75,
      79,
      83,
      87,
      91,
      95,
      100,
      104,
      108,
      112,
      116,
      120,
      125,
      129,
      133,
      137,
      141,
      145,
      149,
      154,
      158,
      162,
      166,
      170,
      174,
      178,
      183,
      187,
      191,
      195,
      199,
      203,
      208,
      212,
      216,
      220,
      224,
      228,
      232,
      237,
      241,
      245,
      249,
      253,
      257,
      261,
      266,
      270,
      274,
      278,
      282,
      286,
      291,
      295,
      299,
      303,
      307,
      311,
      315,
      320,
      324,
      328,
      332,
      336,
      340,
      344,
      349,
      353,
      357,
      361,
      365,
      369,
      374,
      378,
      382,
      386,
      390,
      394,
      398,
      403,
      407,
      411
    ],
    "wpBaseAttr": "intellect",
    "wpBaseAttrVal": [
      "16",
      "28",
      "41",
      "54",
      "67",
      "80",
      "92",
      "105",
      "124"
    ],
    "wpSubAttr": null,
    "wpSubAttrVal": []
  },
  {
    "weaponName": "宏愿",
    "atk": [
      51,
      56,
      61,
      66,
      71,
      76,
      81,
      86,
      91,
      96,
      101,
      106,
      111,
      116,
      121,
      126,
      131,
      136,
      141,
      146,
      152,
      157,
      162,
      167,
      172,
      177,
      182,
      187,
      192,
      197,
      202,
      207,
      212,
      217,
      222,
      227,
      232,
      237,
      242,
      247,
      253,
      258,
      263,
      268,
      273,
      278,
      283,
      288,
      293,
      298,
      303,
      308,
      313,
      318,
      323,
      328,
      333,
      338,
      343,
      348,
      354,
      359,
      364,
      369,
      374,
      379,
      384,
      389,
      394,
      399,
      404,
      409,
      414,
      419,
      424,
      429,
      434,
      439,
      444,
      449,
      455,
      460,
      465,
      470,
      475,
      480,
      485,
      490,
      495,
      500
    ],
    "wpBaseAttr": "agility",
    "wpBaseAttrVal": [
      "20",
      "36",
      "52",
      "68",
      "84",
      "100",
      "116",
      "132",
      "156"
    ],
    "wpSubAttr": "atkUp",
    "wpSubAttrVal": [
      "5.0%",
      "9.0%",
      "13.0%",
      "17.0%",
      "21.0%",
      "25.0%",
      "29.0%",
      "33.0%",
      "39.0%"
    ]
  },
  {
    "weaponName": "孤舟",
    "atk": [
      52,
      57,
      62,
      67,
      72,
      77,
      82,
      88,
      93,
      98,
      103,
      108,
      113,
      118,
      124,
      129,
      134,
      139,
      144,
      149,
      155,
      160,
      165,
      170,
      175,
      180,
      185,
      191,
      196,
      201,
      206,
      211,
      216,
      221,
      227,
      232,
      237,
      242,
      247,
      252,
      258,
      263,
      268,
      273,
      278,
      283,
      288,
      294,
      299,
      304,
      309,
      314,
      319,
      324,
      330,
      335,
      340,
      345,
      350,
      355,
      361,
      366,
      371,
      376,
      381,
      386,
      391,
      397,
      402,
      407,
      412,
      417,
      422,
      427,
      433,
      438,
      443,
      448,
      453,
      458,
      464,
      469,
      474,
      479,
      484,
      489,
      494,
      500,
      505,
      510
    ],
    "wpBaseAttr": "will",
    "wpBaseAttrVal": [
      "20",
      "36",
      "52",
      "68",
      "84",
      "100",
      "116",
      "132",
      "156"
    ],
    "wpSubAttr": "atkUp",
    "wpSubAttrVal": [
      "5.0%",
      "9.0%",
      "13.0%",
      "17.0%",
      "21.0%",
      "25.0%",
      "29.0%",
      "33.0%",
      "39.0%"
    ]
  },
  {
    "weaponName": "浪潮",
    "atk": [
      34,
      38,
      41,
      45,
      48,
      52,
      55,
      59,
      62,
      65,
      69,
      72,
      76,
      79,
      83,
      86,
      90,
      93,
      96,
      100,
      103,
      107,
      110,
      114,
      117,
      121,
      124,
      127,
      131,
      134,
      138,
      141,
      145,
      148,
      152,
      155,
      158,
      162,
      165,
      169,
      172,
      176,
      179,
      183,
      186,
      189,
      193,
      196,
      200,
      203,
      207,
      210,
      214,
      217,
      220,
      224,
      227,
      231,
      234,
      238,
      241,
      245,
      248,
      251,
      255,
      258,
      262,
      265,
      269,
      272,
      276,
      279,
      282,
      286,
      289,
      293,
      296,
      300,
      303,
      307,
      310,
      313,
      317,
      320,
      324,
      327,
      331,
      334,
      338,
      341
    ],
    "wpBaseAttr": "intellect",
    "wpBaseAttrVal": [
      "12",
      "21",
      "31",
      "40",
      "50",
      "60",
      "69",
      "79",
      "93"
    ],
    "wpSubAttr": "atkUp",
    "wpSubAttrVal": [
      "3.0%",
      "12.0%，持续20秒。同名效果无法叠加。",
      "5.4%",
      "14.4%，持续20秒。同名效果无法叠加。",
      "7.8%",
      "16.8%，持续20秒。同名效果无法叠加。",
      "10.2%",
      "19.2%，持续20秒。同名效果无法叠加。",
      "12.6%",
      "21.6%，持续20秒。同名效果无法叠加。",
      "15.0%",
      "24.0%，持续20秒。同名效果无法叠加。",
      "17.4%",
      "26.4%，持续20秒。同名效果无法叠加。",
      "19.8%",
      "28.8%，持续20秒。同名效果无法叠加。",
      "23.4%",
      "33.6%，持续20秒。同名效果无法叠加。"
    ]
  },
  {
    "weaponName": "扶摇",
    "atk": [
      50,
      55,
      60,
      65,
      70,
      75,
      80,
      85,
      90,
      95,
      100,
      105,
      110,
      115,
      120,
      125,
      130,
      135,
      140,
      145,
      150,
      155,
      160,
      165,
      170,
      175,
      180,
      185,
      190,
      195,
      200,
      205,
      210,
      215,
      220,
      225,
      230,
      235,
      240,
      245,
      250,
      255,
      260,
      265,
      270,
      275,
      280,
      285,
      290,
      295,
      300,
      305,
      310,
      315,
      320,
      325,
      330,
      335,
      340,
      345,
      350,
      355,
      360,
      365,
      370,
      375,
      380,
      385,
      390,
      395,
      400,
      405,
      410,
      415,
      420,
      425,
      430,
      435,
      440,
      445,
      450,
      455,
      460,
      465,
      470,
      475,
      480,
      485,
      490,
      495
    ],
    "wpBaseAttr": "mainAttr",
    "wpBaseAttrVal": [
      "17",
      "30",
      "44",
      "57",
      "71",
      "85",
      "98",
      "112",
      "132"
    ],
    "wpSubAttr": "critRateUp",
    "wpSubAttrVal": [
      "2.5%",
      "4.5%",
      "6.5%",
      "8.5%",
      "10.5%",
      "12.5%",
      "14.5%",
      "16.5%",
      "19.5%"
    ]
  },
  {
    "weaponName": "雾中微光",
    "atk": [
      50,
      54,
      59,
      64,
      69,
      74,
      79,
      84,
      89,
      94,
      99,
      104,
      109,
      114,
      119,
      124,
      129,
      134,
      139,
      144,
      149,
      153,
      158,
      163,
      168,
      173,
      178,
      183,
      188,
      193,
      198,
      203,
      208,
      213,
      218,
      223,
      228,
      233,
      238,
      243,
      248,
      252,
      257,
      262,
      267,
      272,
      277,
      282,
      287,
      292,
      297,
      302,
      307,
      312,
      317,
      322,
      327,
      332,
      337,
      342,
      347,
      351,
      356,
      361,
      366,
      371,
      376,
      381,
      386,
      391,
      396,
      401,
      406,
      411,
      416,
      421,
      426,
      431,
      436,
      441,
      446,
      450,
      455,
      460,
      465,
      470,
      475,
      480,
      485,
      490
    ],
    "wpBaseAttr": "will",
    "wpBaseAttrVal": [
      "20",
      "36",
      "52",
      "68",
      "84",
      "100",
      "116",
      "132",
      "156"
    ],
    "wpSubAttr": "elecDmgUp",
    "wpSubAttrVal": [
      "5.6%",
      "10.0%",
      "14.4%",
      "18.9%",
      "23.3%",
      "27.8%",
      "32.2%",
      "36.7%",
      "43.3%"
    ]
  },
  {
    "weaponName": "天使杀手",
    "atk": [
      34,
      38,
      41,
      45,
      48,
      52,
      55,
      59,
      62,
      65,
      69,
      72,
      76,
      79,
      83,
      86,
      90,
      93,
      96,
      100,
      103,
      107,
      110,
      114,
      117,
      121,
      124,
      127,
      131,
      134,
      138,
      141,
      145,
      148,
      152,
      155,
      158,
      162,
      165,
      169,
      172,
      176,
      179,
      183,
      186,
      189,
      193,
      196,
      200,
      203,
      207,
      210,
      214,
      217,
      220,
      224,
      227,
      231,
      234,
      238,
      241,
      245,
      248,
      251,
      255,
      258,
      262,
      265,
      269,
      272,
      276,
      279,
      282,
      286,
      289,
      293,
      296,
      300,
      303,
      307,
      310,
      313,
      317,
      320,
      324,
      327,
      331,
      334,
      338,
      341
    ],
    "wpBaseAttr": "will",
    "wpBaseAttrVal": [
      "12",
      "21",
      "31",
      "40",
      "50",
      "60",
      "69",
      "79",
      "93"
    ],
    "wpSubAttr": null,
    "wpSubAttrVal": []
  },
  {
    "weaponName": "骁勇",
    "atk": [
      50,
      55,
      60,
      65,
      70,
      75,
      80,
      85,
      90,
      95,
      100,
      105,
      110,
      115,
      120,
      125,
      130,
      135,
      140,
      145,
      150,
      155,
      160,
      165,
      170,
      175,
      180,
      185,
      190,
      195,
      200,
      205,
      210,
      215,
      220,
      225,
      230,
      235,
      240,
      245,
      250,
      255,
      260,
      265,
      270,
      275,
      280,
      285,
      290,
      295,
      300,
      305,
      310,
      315,
      320,
      325,
      330,
      335,
      340,
      345,
      350,
      355,
      360,
      365,
      370,
      375,
      380,
      385,
      390,
      395,
      400,
      405,
      410,
      415,
      420,
      425,
      430,
      435,
      440,
      445,
      450,
      455,
      460,
      465,
      470,
      475,
      480,
      485,
      490,
      495
    ],
    "wpBaseAttr": "agility",
    "wpBaseAttrVal": [
      "20",
      "36",
      "52",
      "68",
      "84",
      "100",
      "116",
      "132",
      "156"
    ],
    "wpSubAttr": "physDmgUp",
    "wpSubAttrVal": [
      "5.6%",
      "10.0%",
      "14.4%",
      "18.9%",
      "23.3%",
      "27.8%",
      "32.2%",
      "36.7%",
      "43.3%"
    ]
  },
  {
    "weaponName": "O.B.J.尖峰",
    "atk": [
      42,
      46,
      50,
      54,
      58,
      62,
      66,
      71,
      75,
      79,
      83,
      87,
      91,
      95,
      100,
      104,
      108,
      112,
      116,
      120,
      125,
      129,
      133,
      137,
      141,
      145,
      149,
      154,
      158,
      162,
      166,
      170,
      174,
      178,
      183,
      187,
      191,
      195,
      199,
      203,
      208,
      212,
      216,
      220,
      224,
      228,
      232,
      237,
      241,
      245,
      249,
      253,
      257,
      261,
      266,
      270,
      274,
      278,
      282,
      286,
      291,
      295,
      299,
      303,
      307,
      311,
      315,
      320,
      324,
      328,
      332,
      336,
      340,
      344,
      349,
      353,
      357,
      361,
      365,
      369,
      374,
      378,
      382,
      386,
      390,
      394,
      398,
      403,
      407,
      411
    ],
    "wpBaseAttr": "will",
    "wpBaseAttrVal": [
      "16",
      "28",
      "41",
      "54",
      "67",
      "80",
      "92",
      "105",
      "124"
    ],
    "wpSubAttr": "physDmgUp",
    "wpSubAttrVal": [
      "4.4%",
      "8.0%",
      "11.6%",
      "15.1%",
      "18.7%",
      "22.2%",
      "25.8%",
      "29.3%",
      "34.7%"
    ]
  },
  {
    "weaponName": "佩科5",
    "atk": [
      29,
      31,
      34,
      37,
      40,
      43,
      46,
      49,
      51,
      54,
      57,
      60,
      63,
      66,
      69,
      71,
      74,
      77,
      80,
      83,
      86,
      89,
      91,
      94,
      97,
      100,
      103,
      106,
      109,
      111,
      114,
      117,
      120,
      123,
      126,
      129,
      132,
      134,
      137,
      140,
      143,
      146,
      149,
      152,
      154,
      157,
      160,
      163,
      166,
      169,
      172,
      174,
      177,
      180,
      183,
      186,
      189,
      192,
      194,
      197,
      200,
      203,
      206,
      209,
      212,
      214,
      217,
      220,
      223,
      226,
      229,
      232,
      234,
      237,
      240,
      243,
      246,
      249,
      252,
      254,
      257,
      260,
      263,
      266,
      269,
      272,
      274,
      277,
      280,
      283
    ],
    "wpBaseAttr": "mainAttr",
    "wpBaseAttrVal": [
      "10",
      "18",
      "26",
      "34",
      "42",
      "51",
      "59",
      "67",
      "79"
    ],
    "wpSubAttr": null,
    "wpSubAttrVal": []
  },
  {
    "weaponName": "呼啸守卫",
    "atk": [
      34,
      38,
      41,
      45,
      48,
      52,
      55,
      59,
      62,
      65,
      69,
      72,
      76,
      79,
      83,
      86,
      90,
      93,
      96,
      100,
      103,
      107,
      110,
      114,
      117,
      121,
      124,
      127,
      131,
      134,
      138,
      141,
      145,
      148,
      152,
      155,
      158,
      162,
      165,
      169,
      172,
      176,
      179,
      183,
      186,
      189,
      193,
      196,
      200,
      203,
      207,
      210,
      214,
      217,
      220,
      224,
      227,
      231,
      234,
      238,
      241,
      245,
      248,
      251,
      255,
      258,
      262,
      265,
      269,
      272,
      276,
      279,
      282,
      286,
      289,
      293,
      296,
      300,
      303,
      307,
      310,
      313,
      317,
      320,
      324,
      327,
      331,
      334,
      338,
      341
    ],
    "wpBaseAttr": "intellect",
    "wpBaseAttrVal": [
      "12",
      "21",
      "31",
      "40",
      "50",
      "60",
      "69",
      "79",
      "93"
    ],
    "wpSubAttr": "atkUp",
    "wpSubAttrVal": [
      "3.0%",
      "12.0%，持续20秒。同名效果无法叠加。",
      "5.4%",
      "14.4%，持续20秒。同名效果无法叠加。",
      "7.8%",
      "16.8%，持续20秒。同名效果无法叠加。",
      "10.2%",
      "19.2%，持续20秒。同名效果无法叠加。",
      "12.6%",
      "21.6%，持续20秒。同名效果无法叠加。",
      "15.0%",
      "24.0%，持续20秒。同名效果无法叠加。",
      "17.4%",
      "26.4%，持续20秒。同名效果无法叠加。",
      "19.8%",
      "28.8%，持续20秒。同名效果无法叠加。",
      "23.4%",
      "33.6%，持续20秒。同名效果无法叠加。"
    ]
  },
  {
    "weaponName": "长路",
    "atk": [
      34,
      38,
      41,
      45,
      48,
      52,
      55,
      59,
      62,
      65,
      69,
      72,
      76,
      79,
      83,
      86,
      90,
      93,
      96,
      100,
      103,
      107,
      110,
      114,
      117,
      121,
      124,
      127,
      131,
      134,
      138,
      141,
      145,
      148,
      152,
      155,
      158,
      162,
      165,
      169,
      172,
      176,
      179,
      183,
      186,
      189,
      193,
      196,
      200,
      203,
      207,
      210,
      214,
      217,
      220,
      224,
      227,
      231,
      234,
      238,
      241,
      245,
      248,
      251,
      255,
      258,
      262,
      265,
      269,
      272,
      276,
      279,
      282,
      286,
      289,
      293,
      296,
      300,
      303,
      307,
      310,
      313,
      317,
      320,
      324,
      327,
      331,
      334,
      338,
      341
    ],
    "wpBaseAttr": "strength",
    "wpBaseAttrVal": [
      "12",
      "21",
      "31",
      "40",
      "50",
      "60",
      "69",
      "79",
      "93"
    ],
    "wpSubAttr": null,
    "wpSubAttrVal": []
  },
  {
    "weaponName": "理性告别",
    "atk": [
      42,
      46,
      50,
      54,
      58,
      62,
      66,
      71,
      75,
      79,
      83,
      87,
      91,
      95,
      100,
      104,
      108,
      112,
      116,
      120,
      125,
      129,
      133,
      137,
      141,
      145,
      149,
      154,
      158,
      162,
      166,
      170,
      174,
      178,
      183,
      187,
      191,
      195,
      199,
      203,
      208,
      212,
      216,
      220,
      224,
      228,
      232,
      237,
      241,
      245,
      249,
      253,
      257,
      261,
      266,
      270,
      274,
      278,
      282,
      286,
      291,
      295,
      299,
      303,
      307,
      311,
      315,
      320,
      324,
      328,
      332,
      336,
      340,
      344,
      349,
      353,
      357,
      361,
      365,
      369,
      374,
      378,
      382,
      386,
      390,
      394,
      398,
      403,
      407,
      411
    ],
    "wpBaseAttr": "strength",
    "wpBaseAttrVal": [
      "16",
      "28",
      "41",
      "54",
      "67",
      "80",
      "92",
      "105",
      "124"
    ],
    "wpSubAttr": "heatDmgUp",
    "wpSubAttrVal": [
      "4.4%",
      "8.0%",
      "11.6%",
      "15.1%",
      "18.7%",
      "22.2%",
      "25.8%",
      "29.3%",
      "34.7%"
    ]
  },
  {
    "weaponName": "领航者",
    "atk": [
      50,
      54,
      59,
      64,
      69,
      74,
      79,
      84,
      89,
      94,
      99,
      104,
      109,
      114,
      119,
      124,
      129,
      134,
      139,
      144,
      149,
      153,
      158,
      163,
      168,
      173,
      178,
      183,
      188,
      193,
      198,
      203,
      208,
      213,
      218,
      223,
      228,
      233,
      238,
      243,
      248,
      252,
      257,
      262,
      267,
      272,
      277,
      282,
      287,
      292,
      297,
      302,
      307,
      312,
      317,
      322,
      327,
      332,
      337,
      342,
      347,
      351,
      356,
      361,
      366,
      371,
      376,
      381,
      386,
      391,
      396,
      401,
      406,
      411,
      416,
      421,
      426,
      431,
      436,
      441,
      446,
      450,
      455,
      460,
      465,
      470,
      475,
      480,
      485,
      490
    ],
    "wpBaseAttr": "intellect",
    "wpBaseAttrVal": [
      "20",
      "36",
      "52",
      "68",
      "84",
      "100",
      "116",
      "132",
      "156"
    ],
    "wpSubAttr": "cryoDmgUp",
    "wpSubAttrVal": [
      "5.6%",
      "10.0%",
      "14.4%",
      "18.9%",
      "23.3%",
      "27.8%",
      "32.2%",
      "36.7%",
      "43.3%"
    ]
  },
  {
    "weaponName": "望乡",
    "atk": [
      50,
      54,
      59,
      64,
      69,
      74,
      79,
      84,
      89,
      94,
      99,
      104,
      109,
      114,
      119,
      124,
      129,
      134,
      139,
      144,
      149,
      153,
      158,
      163,
      168,
      173,
      178,
      183,
      188,
      193,
      198,
      203,
      208,
      213,
      218,
      223,
      228,
      233,
      238,
      243,
      248,
      252,
      257,
      262,
      267,
      272,
      277,
      282,
      287,
      292,
      297,
      302,
      307,
      312,
      317,
      322,
      327,
      332,
      337,
      342,
      347,
      351,
      356,
      361,
      366,
      371,
      376,
      381,
      386,
      391,
      396,
      401,
      406,
      411,
      416,
      421,
      426,
      431,
      436,
      441,
      446,
      450,
      455,
      460,
      465,
      470,
      475,
      480,
      485,
      490
    ],
    "wpBaseAttr": "agility",
    "wpBaseAttrVal": [
      "20",
      "36",
      "52",
      "68",
      "84",
      "100",
      "116",
      "132",
      "156"
    ],
    "wpSubAttr": "cryoDmgUp",
    "wpSubAttrVal": [
      "5.6%",
      "10.0%",
      "14.4%",
      "18.9%",
      "23.3%",
      "27.8%",
      "32.2%",
      "36.7%",
      "43.3%"
    ]
  },
  {
    "weaponName": "楔子",
    "atk": [
      51,
      56,
      61,
      66,
      71,
      76,
      81,
      86,
      91,
      96,
      101,
      106,
      111,
      116,
      121,
      126,
      131,
      136,
      141,
      146,
      152,
      157,
      162,
      167,
      172,
      177,
      182,
      187,
      192,
      197,
      202,
      207,
      212,
      217,
      222,
      227,
      232,
      237,
      242,
      247,
      253,
      258,
      263,
      268,
      273,
      278,
      283,
      288,
      293,
      298,
      303,
      308,
      313,
      318,
      323,
      328,
      333,
      338,
      343,
      348,
      354,
      359,
      364,
      369,
      374,
      379,
      384,
      389,
      394,
      399,
      404,
      409,
      414,
      419,
      424,
      429,
      434,
      439,
      444,
      449,
      455,
      460,
      465,
      470,
      475,
      480,
      485,
      490,
      495,
      500
    ],
    "wpBaseAttr": "mainAttr",
    "wpBaseAttrVal": [
      "17",
      "30",
      "44",
      "57",
      "71",
      "85",
      "98",
      "112",
      "132"
    ],
    "wpSubAttr": "critRateUp",
    "wpSubAttrVal": [
      "2.5%",
      "4.5%",
      "6.5%",
      "8.5%",
      "10.5%",
      "12.5%",
      "14.5%",
      "16.5%",
      "19.5%"
    ]
  },
  {
    "weaponName": "仰止",
    "atk": [
      42,
      46,
      50,
      54,
      58,
      62,
      66,
      71,
      75,
      79,
      83,
      87,
      91,
      95,
      100,
      104,
      108,
      112,
      116,
      120,
      125,
      129,
      133,
      137,
      141,
      145,
      149,
      154,
      158,
      162,
      166,
      170,
      174,
      178,
      183,
      187,
      191,
      195,
      199,
      203,
      208,
      212,
      216,
      220,
      224,
      228,
      232,
      237,
      241,
      245,
      249,
      253,
      257,
      261,
      266,
      270,
      274,
      278,
      282,
      286,
      291,
      295,
      299,
      303,
      307,
      311,
      315,
      320,
      324,
      328,
      332,
      336,
      340,
      344,
      349,
      353,
      357,
      361,
      365,
      369,
      374,
      378,
      382,
      386,
      390,
      394,
      398,
      403,
      407,
      411
    ],
    "wpBaseAttr": "agility",
    "wpBaseAttrVal": [
      "16",
      "28",
      "41",
      "54",
      "67",
      "80",
      "92",
      "105",
      "124"
    ],
    "wpSubAttr": "physDmgUp",
    "wpSubAttrVal": [
      "4.4%",
      "8.0%",
      "11.6%",
      "15.1%",
      "18.7%",
      "22.2%",
      "25.8%",
      "29.3%",
      "34.7%"
    ]
  },
  {
    "weaponName": "同类相食",
    "atk": [
      50,
      54,
      59,
      64,
      69,
      74,
      79,
      84,
      89,
      94,
      99,
      104,
      109,
      114,
      119,
      124,
      129,
      134,
      139,
      144,
      149,
      153,
      158,
      163,
      168,
      173,
      178,
      183,
      188,
      193,
      198,
      203,
      208,
      213,
      218,
      223,
      228,
      233,
      238,
      243,
      248,
      252,
      257,
      262,
      267,
      272,
      277,
      282,
      287,
      292,
      297,
      302,
      307,
      312,
      317,
      322,
      327,
      332,
      337,
      342,
      347,
      351,
      356,
      361,
      366,
      371,
      376,
      381,
      386,
      391,
      396,
      401,
      406,
      411,
      416,
      421,
      426,
      431,
      436,
      441,
      446,
      450,
      455,
      460,
      465,
      470,
      475,
      480,
      485,
      490
    ],
    "wpBaseAttr": "mainAttr",
    "wpBaseAttrVal": [
      "17",
      "30",
      "44",
      "57",
      "71",
      "85",
      "98",
      "112",
      "132"
    ],
    "wpSubAttr": null,
    "wpSubAttrVal": []
  },
  {
    "weaponName": "钢铁余音",
    "atk": [
      42,
      46,
      50,
      54,
      58,
      62,
      66,
      71,
      75,
      79,
      83,
      87,
      91,
      95,
      100,
      104,
      108,
      112,
      116,
      120,
      125,
      129,
      133,
      137,
      141,
      145,
      149,
      154,
      158,
      162,
      166,
      170,
      174,
      178,
      183,
      187,
      191,
      195,
      199,
      203,
      208,
      212,
      216,
      220,
      224,
      228,
      232,
      237,
      241,
      245,
      249,
      253,
      257,
      261,
      266,
      270,
      274,
      278,
      282,
      286,
      291,
      295,
      299,
      303,
      307,
      311,
      315,
      320,
      324,
      328,
      332,
      336,
      340,
      344,
      349,
      353,
      357,
      361,
      365,
      369,
      374,
      378,
      382,
      386,
      390,
      394,
      398,
      403,
      407,
      411
    ],
    "wpBaseAttr": "agility",
    "wpBaseAttrVal": [
      "16",
      "28",
      "41",
      "54",
      "67",
      "80",
      "92",
      "105",
      "124"
    ],
    "wpSubAttr": "physDmgUp",
    "wpSubAttrVal": [
      "4.4%",
      "8.0%",
      "11.6%",
      "15.1%",
      "18.7%",
      "22.2%",
      "25.8%",
      "29.3%",
      "34.7%"
    ]
  },
  {
    "weaponName": "艺术暴君",
    "atk": [
      51,
      56,
      61,
      66,
      71,
      77,
      82,
      87,
      92,
      97,
      102,
      107,
      112,
      117,
      122,
      128,
      133,
      138,
      143,
      148,
      153,
      158,
      163,
      168,
      173,
      179,
      184,
      189,
      194,
      199,
      204,
      209,
      214,
      219,
      224,
      230,
      235,
      240,
      245,
      250,
      255,
      260,
      265,
      270,
      275,
      281,
      286,
      291,
      296,
      301,
      306,
      311,
      316,
      321,
      326,
      332,
      337,
      342,
      347,
      352,
      357,
      362,
      367,
      372,
      377,
      383,
      388,
      393,
      398,
      403,
      408,
      413,
      418,
      423,
      428,
      434,
      439,
      444,
      449,
      454,
      459,
      464,
      469,
      474,
      479,
      485,
      490,
      495,
      500,
      505
    ],
    "wpBaseAttr": "intellect",
    "wpBaseAttrVal": [
      "20",
      "36",
      "52",
      "68",
      "84",
      "100",
      "116",
      "132",
      "156"
    ],
    "wpSubAttr": "critRateUp",
    "wpSubAttrVal": [
      "2.5%",
      "4.5%",
      "6.5%",
      "8.5%",
      "10.5%",
      "12.5%",
      "14.5%",
      "16.5%",
      "19.5%"
    ]
  },
  {
    "weaponName": "落草",
    "atk": [
      51,
      56,
      61,
      66,
      71,
      77,
      82,
      87,
      92,
      97,
      102,
      107,
      112,
      117,
      122,
      128,
      133,
      138,
      143,
      148,
      153,
      158,
      163,
      168,
      173,
      179,
      184,
      189,
      194,
      199,
      204,
      209,
      214,
      219,
      224,
      230,
      235,
      240,
      245,
      250,
      255,
      260,
      265,
      270,
      275,
      281,
      286,
      291,
      296,
      301,
      306,
      311,
      316,
      321,
      326,
      332,
      337,
      342,
      347,
      352,
      357,
      362,
      367,
      372,
      377,
      383,
      388,
      393,
      398,
      403,
      408,
      413,
      418,
      423,
      428,
      434,
      439,
      444,
      449,
      454,
      459,
      464,
      469,
      474,
      479,
      485,
      490,
      495,
      500,
      505
    ],
    "wpBaseAttr": "agility",
    "wpBaseAttrVal": [
      "20",
      "36",
      "52",
      "68",
      "84",
      "100",
      "116",
      "132",
      "156"
    ],
    "wpSubAttr": "atkUp",
    "wpSubAttrVal": [
      "5.0%",
      "9.0%",
      "13.0%",
      "17.0%",
      "21.0%",
      "25.0%",
      "29.0%",
      "33.0%",
      "39.0%"
    ]
  },
  {
    "weaponName": "塔尔11",
    "atk": [
      29,
      31,
      34,
      37,
      40,
      43,
      46,
      49,
      51,
      54,
      57,
      60,
      63,
      66,
      69,
      71,
      74,
      77,
      80,
      83,
      86,
      89,
      91,
      94,
      97,
      100,
      103,
      106,
      109,
      111,
      114,
      117,
      120,
      123,
      126,
      129,
      132,
      134,
      137,
      140,
      143,
      146,
      149,
      152,
      154,
      157,
      160,
      163,
      166,
      169,
      172,
      174,
      177,
      180,
      183,
      186,
      189,
      192,
      194,
      197,
      200,
      203,
      206,
      209,
      212,
      214,
      217,
      220,
      223,
      226,
      229,
      232,
      234,
      237,
      240,
      243,
      246,
      249,
      252,
      254,
      257,
      260,
      263,
      266,
      269,
      272,
      274,
      277,
      280,
      283
    ],
    "wpBaseAttr": "mainAttr",
    "wpBaseAttrVal": [
      "10",
      "18",
      "26",
      "34",
      "42",
      "51",
      "59",
      "67",
      "79"
    ],
    "wpSubAttr": null,
    "wpSubAttrVal": []
  },
  {
    "weaponName": "光荣记忆",
    "atk": [
      50,
      54,
      59,
      64,
      69,
      74,
      79,
      84,
      89,
      94,
      99,
      104,
      109,
      114,
      119,
      124,
      129,
      134,
      139,
      144,
      149,
      153,
      158,
      163,
      168,
      173,
      178,
      183,
      188,
      193,
      198,
      203,
      208,
      213,
      218,
      223,
      228,
      233,
      238,
      243,
      248,
      252,
      257,
      262,
      267,
      272,
      277,
      282,
      287,
      292,
      297,
      302,
      307,
      312,
      317,
      322,
      327,
      332,
      337,
      342,
      347,
      351,
      356,
      361,
      366,
      371,
      376,
      381,
      386,
      391,
      396,
      401,
      406,
      411,
      416,
      421,
      426,
      431,
      436,
      441,
      446,
      450,
      455,
      460,
      465,
      470,
      475,
      480,
      485,
      490
    ],
    "wpBaseAttr": "agility",
    "wpBaseAttrVal": [
      "20",
      "36",
      "52",
      "68",
      "84",
      "100",
      "116",
      "132",
      "156"
    ],
    "wpSubAttr": "critRateUp",
    "wpSubAttrVal": [
      "2.5%",
      "4.5%",
      "6.5%",
      "8.5%",
      "10.5%",
      "12.5%",
      "14.5%",
      "16.5%",
      "19.5%"
    ]
  },
  {
    "weaponName": "坚城铸造者",
    "atk": [
      42,
      46,
      50,
      54,
      58,
      62,
      66,
      71,
      75,
      79,
      83,
      87,
      91,
      95,
      100,
      104,
      108,
      112,
      116,
      120,
      125,
      129,
      133,
      137,
      141,
      145,
      149,
      154,
      158,
      162,
      166,
      170,
      174,
      178,
      183,
      187,
      191,
      195,
      199,
      203,
      208,
      212,
      216,
      220,
      224,
      228,
      232,
      237,
      241,
      245,
      249,
      253,
      257,
      261,
      266,
      270,
      274,
      278,
      282,
      286,
      291,
      295,
      299,
      303,
      307,
      311,
      315,
      320,
      324,
      328,
      332,
      336,
      340,
      344,
      349,
      353,
      357,
      361,
      365,
      369,
      374,
      378,
      382,
      386,
      390,
      394,
      398,
      403,
      407,
      411
    ],
    "wpBaseAttr": "intellect",
    "wpBaseAttrVal": [
      "16",
      "28",
      "41",
      "54",
      "67",
      "80",
      "92",
      "105",
      "124"
    ],
    "wpSubAttr": null,
    "wpSubAttrVal": []
  },
  {
    "weaponName": "显赫声名",
    "atk": [
      50,
      54,
      59,
      64,
      69,
      74,
      79,
      84,
      89,
      94,
      99,
      104,
      109,
      114,
      119,
      124,
      129,
      134,
      139,
      144,
      149,
      153,
      158,
      163,
      168,
      173,
      178,
      183,
      188,
      193,
      198,
      203,
      208,
      213,
      218,
      223,
      228,
      233,
      238,
      243,
      248,
      252,
      257,
      262,
      267,
      272,
      277,
      282,
      287,
      292,
      297,
      302,
      307,
      312,
      317,
      322,
      327,
      332,
      337,
      342,
      347,
      351,
      356,
      361,
      366,
      371,
      376,
      381,
      386,
      391,
      396,
      401,
      406,
      411,
      416,
      421,
      426,
      431,
      436,
      441,
      446,
      450,
      455,
      460,
      465,
      470,
      475,
      480,
      485,
      490
    ],
    "wpBaseAttr": "mainAttr",
    "wpBaseAttrVal": [
      "17",
      "30",
      "44",
      "57",
      "71",
      "85",
      "98",
      "112",
      "132"
    ],
    "wpSubAttr": "physDmgUp",
    "wpSubAttrVal": [
      "5.6%",
      "10.0%",
      "14.4%",
      "18.9%",
      "23.3%",
      "27.8%",
      "32.2%",
      "36.7%",
      "43.3%"
    ]
  },
  {
    "weaponName": "显锋",
    "atk": [
      34,
      38,
      41,
      45,
      48,
      52,
      55,
      59,
      62,
      65,
      69,
      72,
      76,
      79,
      83,
      86,
      90,
      93,
      96,
      100,
      103,
      107,
      110,
      114,
      117,
      121,
      124,
      127,
      131,
      134,
      138,
      141,
      145,
      148,
      152,
      155,
      158,
      162,
      165,
      169,
      172,
      176,
      179,
      183,
      186,
      189,
      193,
      196,
      200,
      203,
      207,
      210,
      214,
      217,
      220,
      224,
      227,
      231,
      234,
      238,
      241,
      245,
      248,
      251,
      255,
      258,
      262,
      265,
      269,
      272,
      276,
      279,
      282,
      286,
      289,
      293,
      296,
      300,
      303,
      307,
      310,
      313,
      317,
      320,
      324,
      327,
      331,
      334,
      338,
      341
    ],
    "wpBaseAttr": "agility",
    "wpBaseAttrVal": [
      "12",
      "21",
      "31",
      "40",
      "50",
      "60",
      "69",
      "79",
      "93"
    ],
    "wpSubAttr": "physDmgUp",
    "wpSubAttrVal": [
      "3.3%",
      "12.0%，持续20秒。同名效果无法叠加。",
      "6.0%",
      "14.4%，持续20秒。同名效果无法叠加。",
      "8.7%",
      "16.8%，持续20秒。同名效果无法叠加。",
      "11.3%",
      "19.2%，持续20秒。同名效果无法叠加。",
      "14.0%",
      "21.6%，持续20秒。同名效果无法叠加。",
      "16.7%",
      "24.0%，持续20秒。同名效果无法叠加。",
      "19.3%",
      "26.4%，持续20秒。同名效果无法叠加。",
      "22.0%",
      "28.8%，持续20秒。同名效果无法叠加。",
      "26.0%",
      "33.6%，持续20秒。同名效果无法叠加。"
    ]
  },
  {
    "weaponName": "热熔切割器",
    "atk": [
      50,
      54,
      59,
      64,
      69,
      74,
      79,
      84,
      89,
      94,
      99,
      104,
      109,
      114,
      119,
      124,
      129,
      134,
      139,
      144,
      149,
      153,
      158,
      163,
      168,
      173,
      178,
      183,
      188,
      193,
      198,
      203,
      208,
      213,
      218,
      223,
      228,
      233,
      238,
      243,
      248,
      252,
      257,
      262,
      267,
      272,
      277,
      282,
      287,
      292,
      297,
      302,
      307,
      312,
      317,
      322,
      327,
      332,
      337,
      342,
      347,
      351,
      356,
      361,
      366,
      371,
      376,
      381,
      386,
      391,
      396,
      401,
      406,
      411,
      416,
      421,
      426,
      431,
      436,
      441,
      446,
      450,
      455,
      460,
      465,
      470,
      475,
      480,
      485,
      490
    ],
    "wpBaseAttr": "will",
    "wpBaseAttrVal": [
      "20",
      "36",
      "52",
      "68",
      "84",
      "100",
      "116",
      "132",
      "156"
    ],
    "wpSubAttr": "atkUp",
    "wpSubAttrVal": [
      "5.0%",
      "9.0%",
      "13.0%",
      "17.0%",
      "21.0%",
      "25.0%",
      "29.0%",
      "33.0%",
      "39.0%"
    ]
  },
  {
    "weaponName": "黯色火炬",
    "atk": [
      50,
      54,
      59,
      64,
      69,
      74,
      79,
      84,
      89,
      94,
      99,
      104,
      109,
      114,
      119,
      124,
      129,
      134,
      139,
      144,
      149,
      153,
      158,
      163,
      168,
      173,
      178,
      183,
      188,
      193,
      198,
      203,
      208,
      213,
      218,
      223,
      228,
      233,
      238,
      243,
      248,
      252,
      257,
      262,
      267,
      272,
      277,
      282,
      287,
      292,
      297,
      302,
      307,
      312,
      317,
      322,
      327,
      332,
      337,
      342,
      347,
      351,
      356,
      361,
      366,
      371,
      376,
      381,
      386,
      391,
      396,
      401,
      406,
      411,
      416,
      421,
      426,
      431,
      436,
      441,
      446,
      450,
      455,
      460,
      465,
      470,
      475,
      480,
      485,
      490
    ],
    "wpBaseAttr": "intellect",
    "wpBaseAttrVal": [
      "20",
      "36",
      "52",
      "68",
      "84",
      "100",
      "116",
      "132",
      "156"
    ],
    "wpSubAttr": "heatDmgUp",
    "wpSubAttrVal": [
      "5.6%",
      "10.0%",
      "14.4%",
      "18.9%",
      "23.3%",
      "27.8%",
      "32.2%",
      "36.7%",
      "43.3%"
    ]
  },
  {
    "weaponName": "十二问",
    "atk": [
      42,
      46,
      50,
      54,
      58,
      62,
      66,
      71,
      75,
      79,
      83,
      87,
      91,
      95,
      100,
      104,
      108,
      112,
      116,
      120,
      125,
      129,
      133,
      137,
      141,
      145,
      149,
      154,
      158,
      162,
      166,
      170,
      174,
      178,
      183,
      187,
      191,
      195,
      199,
      203,
      208,
      212,
      216,
      220,
      224,
      228,
      232,
      237,
      241,
      245,
      249,
      253,
      257,
      261,
      266,
      270,
      274,
      278,
      282,
      286,
      291,
      295,
      299,
      303,
      307,
      311,
      315,
      320,
      324,
      328,
      332,
      336,
      340,
      344,
      349,
      353,
      357,
      361,
      365,
      369,
      374,
      378,
      382,
      386,
      390,
      394,
      398,
      403,
      407,
      411
    ],
    "wpBaseAttr": "agility",
    "wpBaseAttrVal": [
      "16",
      "28",
      "41",
      "54",
      "67",
      "80",
      "92",
      "105",
      "124"
    ],
    "wpSubAttr": "atkUp",
    "wpSubAttrVal": [
      "4.0%",
      "7.2%",
      "10.4%",
      "13.6%",
      "16.8%",
      "20.0%",
      "23.2%",
      "26.4%",
      "31.2%"
    ]
  },
  {
    "weaponName": "逐鳞3.0",
    "atk": [
      42,
      46,
      50,
      54,
      58,
      62,
      66,
      71,
      75,
      79,
      83,
      87,
      91,
      95,
      100,
      104,
      108,
      112,
      116,
      120,
      125,
      129,
      133,
      137,
      141,
      145,
      149,
      154,
      158,
      162,
      166,
      170,
      174,
      178,
      183,
      187,
      191,
      195,
      199,
      203,
      208,
      212,
      216,
      220,
      224,
      228,
      232,
      237,
      241,
      245,
      249,
      253,
      257,
      261,
      266,
      270,
      274,
      278,
      282,
      286,
      291,
      295,
      299,
      303,
      307,
      311,
      315,
      320,
      324,
      328,
      332,
      336,
      340,
      344,
      349,
      353,
      357,
      361,
      365,
      369,
      374,
      378,
      382,
      386,
      390,
      394,
      398,
      403,
      407,
      411
    ],
    "wpBaseAttr": "strength",
    "wpBaseAttrVal": [
      "16",
      "28",
      "41",
      "54",
      "67",
      "80",
      "92",
      "105",
      "124"
    ],
    "wpSubAttr": "cryoDmgUp",
    "wpSubAttrVal": [
      "4.4%",
      "8.0%",
      "11.6%",
      "15.1%",
      "18.7%",
      "22.2%",
      "25.8%",
      "29.3%",
      "34.7%"
    ]
  },
  {
    "weaponName": "狼之绯",
    "atk": [
      51,
      56,
      61,
      66,
      71,
      77,
      82,
      87,
      92,
      97,
      102,
      107,
      112,
      117,
      122,
      128,
      133,
      138,
      143,
      148,
      153,
      158,
      163,
      168,
      173,
      179,
      184,
      189,
      194,
      199,
      204,
      209,
      214,
      219,
      224,
      230,
      235,
      240,
      245,
      250,
      255,
      260,
      265,
      270,
      275,
      281,
      286,
      291,
      296,
      301,
      306,
      311,
      316,
      321,
      326,
      332,
      337,
      342,
      347,
      352,
      357,
      362,
      367,
      372,
      377,
      383,
      388,
      393,
      398,
      403,
      408,
      413,
      418,
      423,
      428,
      434,
      439,
      444,
      449,
      454,
      459,
      464,
      469,
      474,
      479,
      485,
      490,
      495,
      500,
      505
    ],
    "wpBaseAttr": "agility",
    "wpBaseAttrVal": [
      "20",
      "36",
      "52",
      "68",
      "84",
      "100",
      "116",
      "132",
      "156"
    ],
    "wpSubAttr": "critRateUp",
    "wpSubAttrVal": [
      "2.5%",
      "4.5%",
      "6.5%",
      "8.5%",
      "10.5%",
      "12.5%",
      "14.5%",
      "16.5%",
      "19.5%"
    ]
  }
]